RED 1  

BONUS_PENALTY_POINT
0.5  2.79  0 -1.57
1.9  1.65  0 -1.57
4.04 4.035 0 1.57
7.58 1.69  0 1.57
6.18 2.83  0 1.57
4.04 0.445 0 -1.57

NO1_MYESCAPE_POINT1
0.7 3.9 0 0

NO1_MYESCAPE_POINT2
7.6 0.6 0 -3.14

NO2_MYESCAPE_POINT1
0.7 3.9 0 1.57

NO2_MYESCAPE_POINT2
7.6 0.6 0 -1.57

RED1_PATROL_POINT
1.1 3.3 0 0 
6.5 3.3 0 3.14
##7.4 3.2 0 3.14
##4.0 3.2 0 3.14 
##2.0 4.0 0 -1.57
##1.0 1.63 0 0 
##4.0 0.6 0 0
#7.5 1.8 0 -1.07
#1.1 4.0 0 0
#1.0 1.0 0 1.57

RED2_PATROL_POINT
1.9 2.8 0 0
#7.5 4.0 0 0
#5 3.5 0 1.57
#1.0 3.5 0 -1.57
#7.6 3.5 0 3.14
#1.1 1.7 0 0
#2.6 3.3 0 0
#2.3 3.5 0 1.0
#5.4 3.5 0 -0.78
#7.3 2.3 0 1.57
#5.8 1.0 0 1.57
#2.6 1.0 0 1.05
#5.4 4.3 0 0 
#2.0 1.0 0 1.07
#1.1 3.1 0 0 
#6.5 3.1 0 3.14

BLUE1_PATROL_POINT
0.7 1.7 0 0
5.4 3.5 0 -0.78
7.3 2.3 0 1.57
5.8 0.6 0 1.57
2.3 3.5 0 0
2.6 1.0 0 1.05

BLUE2_PATROL_POINT
2.5 0.5 0 1.57


