RED 1

RED1_PATROL_POINT
0.5   4.1 99
1.0   3.975 11
0.5   3.85 10
1.9   2.675 12
1.5   2.55 24
2.3   2.55 8   
1.9   2.425 7 
1.625 1.0 14
1.5   0.5 13
1.75  0.5 9
4.05  4.1 23
4.05  3.85 6
3.55  3.975 99
4.55  3.975 5
3.943943 2.656066 99
4.156066 2.656066 99
3.943934 2.443934 99
4.156066 2.443934 99
4.05  1.25 2
4.05  1.0 16
3.55  1.125 15
4.55  1.125 1
6.563276 4.427814 25
6.35  4.6 3 
6.475 4.1 22
6.2   2.675 21
5.8   2.55 24
6.6   2.55 20
6.2   2.425 4 
7.6   1.25 19
7.1   1.125 18
7.6   1.0 17



